9   100
2.26  2.2809831  0.0073950339  -1.4412556  0.62126889  11.650349  167.12777
2.265  2.3201315  0.0080082976  -1.4297395  0.59448612  11.902797  181.38794
2.27  2.4479557  0.011188026  -1.4178359  0.55718956  12.614071  253.96819
2.275  2.4613088  0.011867803  -1.407333  0.53223229  12.738811  269.99251
2.28  2.4575628  0.014497926  -1.3925507  0.47377482  12.775394  330.55271
2.285  2.3823  0.014834796  -1.3812566  0.43984708  12.438524  338.97509
2.29  2.3322099  0.015363678  -1.3701363  0.4031016  12.230342  351.82823
2.295  2.2138252  0.014866193  -1.3588244  0.36698602  11.660273  341.17913
2.3  2.092314  0.014260152  -1.3477937  0.32850692  11.068341  327.98349
